124.2      79.7
122.7      82.7
122.3      80.8
119.9      79.0
122.3      80.4
121.1      82.2
121.8      86.9
125.5      84.3
120.5      76.8
122.0      84.8
122.2      77.9
122.2      82.0
123.2      80.2
123.7      78.7
125.6      80.7
121.2      81.6
121.0      79.6
122.7      79.9
128.8      86.0
122.3      82.7
121.2      77.3
119.1      80.5
123.5      79.8
121.6      81.8
118.6      79.4
126.5      85.8
123.7      84.3
116.6      75.8
119.9      77.7
119.4      81.6
120.4      81.3
124.7      82.6
117.0      77.0
122.4      87.2
123.7      83.0
119.9      75.0
120.2      77.9
121.2      77.4
120.6      81.0
124.7      82.2
123.2      84.7
116.5      80.2
120.1      78.6
126.0      83.1
123.0      81.0
122.2      80.9
116.1      80.7
120.5      82.5
121.0      75.7
120.6      77.5
116.5      77.7
124.2      85.0
117.8      79.3
121.8      80.7
117.7      79.6
121.7      84.4
122.4      80.3
127.0      86.9
120.3      86.4
122.4      79.5
123.7      83.6
120.3      79.7
119.6      82.8
116.4      76.2
120.6      80.5
123.3      78.4
121.3      79.1
121.8      83.2
121.1      81.7
120.8      81.9
119.9      83.1
119.5      77.0
119.4      82.3
126.2      85.3
118.4      77.7
116.5      75.1
125.1      78.3
122.3      82.5
125.1      83.4
122.1      83.5
121.6      83.5
121.0      77.1
126.7      84.2
125.3      82.3
122.3      80.3
126.7      86.1
121.5      83.8
120.0      76.8
123.1      79.8
118.3      74.4
124.1      83.3
123.1      82.7
123.1      82.7
122.9      80.3
123.5      84.2
122.6      78.2
119.6      84.5
124.9      80.7
121.5      83.2
121.9      84.3